{
 "cells": [
  {
   "cell_type": "markdown",
   "id": "f9d76b5c-939d-4358-b94b-151ac86d0592",
   "metadata": {},
   "source": [
    "The dataset has 10 real attributes, and the last one is simply the class label, which is categorical, and which you will ignore for this assignment. Assume that attributes are numbered starting from 0.\n",
    "\n",
    "- 1. Compute the multivariate mean vector\n",
    "\n",
    "- 2. Compute the sample covariance matrix as inner products between the columns of the centered data matrix (see Eq. (2.38) in chapter 2).\n",
    "\n",
    "- 3. Compute the sample covariance matrix as outer product between the centered data points (see Eq. (2.39) in chapter 2)\n",
    "\n",
    "- 4. Compute the correlation between Attributes 1 and 2 by computing the cosine of the angle between the centered attribute vectors. Plot the scatter plot between these two attributes.\n",
    "\n",
    "- 5. Assuming that Attribute 1 is normally distributed, plot its probability density function.\n",
    "\n",
    "- 6. Which attribute has the largest variance, and which attribute has the smallest variance? Print these values.\n",
    "\n",
    "- 7. Which pair of attributes has the largest covariance, and which pair of attributes has the smallest covariance? Print these values."
   ]
  },
  {
   "cell_type": "markdown",
   "id": "556130b3-6ddd-4934-a466-1520adcf2adc",
   "metadata": {
    "tags": []
   },
   "source": [
    "# Import libraries and dataset"
   ]
  },
  {
   "cell_type": "code",
   "execution_count": 1,
   "id": "643d96a7-d1fa-415b-baa7-e54e6d42aea4",
   "metadata": {},
   "outputs": [],
   "source": [
    "import numpy as np\n",
    "import pandas as pd"
   ]
  },
  {
   "cell_type": "code",
   "execution_count": 2,
   "id": "aca4f0cc-08fc-47a5-b37f-dd352c66a4d2",
   "metadata": {},
   "outputs": [],
   "source": [
    "df = pd.read_csv('data/magic04.data', header=None)"
   ]
  },
  {
   "cell_type": "code",
   "execution_count": 3,
   "id": "25494220-223b-46b3-87ce-56c913f1f406",
   "metadata": {},
   "outputs": [],
   "source": [
    "df.columns = [\n",
    "    'fLength',\n",
    "    'fWidth',\n",
    "    'fSize',\n",
    "    'fConc',\n",
    "    'fConc1',\n",
    "    'fAsym',\n",
    "    'fM3Long',\n",
    "    'fM3Trans',\n",
    "    'fAlpha',\n",
    "    'fDist', \n",
    "    'class'\n",
    "]"
   ]
  },
  {
   "cell_type": "code",
   "execution_count": 4,
   "id": "d2b964a9-5d13-4eb9-991c-f520cd914a5a",
   "metadata": {},
   "outputs": [
    {
     "data": {
      "text/html": [
       "<div>\n",
       "<style scoped>\n",
       "    .dataframe tbody tr th:only-of-type {\n",
       "        vertical-align: middle;\n",
       "    }\n",
       "\n",
       "    .dataframe tbody tr th {\n",
       "        vertical-align: top;\n",
       "    }\n",
       "\n",
       "    .dataframe thead th {\n",
       "        text-align: right;\n",
       "    }\n",
       "</style>\n",
       "<table border=\"1\" class=\"dataframe\">\n",
       "  <thead>\n",
       "    <tr style=\"text-align: right;\">\n",
       "      <th></th>\n",
       "      <th>fLength</th>\n",
       "      <th>fWidth</th>\n",
       "      <th>fSize</th>\n",
       "      <th>fConc</th>\n",
       "      <th>fConc1</th>\n",
       "      <th>fAsym</th>\n",
       "      <th>fM3Long</th>\n",
       "      <th>fM3Trans</th>\n",
       "      <th>fAlpha</th>\n",
       "      <th>fDist</th>\n",
       "      <th>class</th>\n",
       "    </tr>\n",
       "  </thead>\n",
       "  <tbody>\n",
       "    <tr>\n",
       "      <th>0</th>\n",
       "      <td>28.7967</td>\n",
       "      <td>16.0021</td>\n",
       "      <td>2.6449</td>\n",
       "      <td>0.3918</td>\n",
       "      <td>0.1982</td>\n",
       "      <td>27.7004</td>\n",
       "      <td>22.0110</td>\n",
       "      <td>-8.2027</td>\n",
       "      <td>40.0920</td>\n",
       "      <td>81.8828</td>\n",
       "      <td>g</td>\n",
       "    </tr>\n",
       "    <tr>\n",
       "      <th>1</th>\n",
       "      <td>31.6036</td>\n",
       "      <td>11.7235</td>\n",
       "      <td>2.5185</td>\n",
       "      <td>0.5303</td>\n",
       "      <td>0.3773</td>\n",
       "      <td>26.2722</td>\n",
       "      <td>23.8238</td>\n",
       "      <td>-9.9574</td>\n",
       "      <td>6.3609</td>\n",
       "      <td>205.2610</td>\n",
       "      <td>g</td>\n",
       "    </tr>\n",
       "    <tr>\n",
       "      <th>2</th>\n",
       "      <td>162.0520</td>\n",
       "      <td>136.0310</td>\n",
       "      <td>4.0612</td>\n",
       "      <td>0.0374</td>\n",
       "      <td>0.0187</td>\n",
       "      <td>116.7410</td>\n",
       "      <td>-64.8580</td>\n",
       "      <td>-45.2160</td>\n",
       "      <td>76.9600</td>\n",
       "      <td>256.7880</td>\n",
       "      <td>g</td>\n",
       "    </tr>\n",
       "    <tr>\n",
       "      <th>3</th>\n",
       "      <td>23.8172</td>\n",
       "      <td>9.5728</td>\n",
       "      <td>2.3385</td>\n",
       "      <td>0.6147</td>\n",
       "      <td>0.3922</td>\n",
       "      <td>27.2107</td>\n",
       "      <td>-6.4633</td>\n",
       "      <td>-7.1513</td>\n",
       "      <td>10.4490</td>\n",
       "      <td>116.7370</td>\n",
       "      <td>g</td>\n",
       "    </tr>\n",
       "    <tr>\n",
       "      <th>4</th>\n",
       "      <td>75.1362</td>\n",
       "      <td>30.9205</td>\n",
       "      <td>3.1611</td>\n",
       "      <td>0.3168</td>\n",
       "      <td>0.1832</td>\n",
       "      <td>-5.5277</td>\n",
       "      <td>28.5525</td>\n",
       "      <td>21.8393</td>\n",
       "      <td>4.6480</td>\n",
       "      <td>356.4620</td>\n",
       "      <td>g</td>\n",
       "    </tr>\n",
       "  </tbody>\n",
       "</table>\n",
       "</div>"
      ],
      "text/plain": [
       "    fLength    fWidth   fSize   fConc  fConc1     fAsym  fM3Long  fM3Trans  \\\n",
       "0   28.7967   16.0021  2.6449  0.3918  0.1982   27.7004  22.0110   -8.2027   \n",
       "1   31.6036   11.7235  2.5185  0.5303  0.3773   26.2722  23.8238   -9.9574   \n",
       "2  162.0520  136.0310  4.0612  0.0374  0.0187  116.7410 -64.8580  -45.2160   \n",
       "3   23.8172    9.5728  2.3385  0.6147  0.3922   27.2107  -6.4633   -7.1513   \n",
       "4   75.1362   30.9205  3.1611  0.3168  0.1832   -5.5277  28.5525   21.8393   \n",
       "\n",
       "    fAlpha     fDist class  \n",
       "0  40.0920   81.8828     g  \n",
       "1   6.3609  205.2610     g  \n",
       "2  76.9600  256.7880     g  \n",
       "3  10.4490  116.7370     g  \n",
       "4   4.6480  356.4620     g  "
      ]
     },
     "execution_count": 4,
     "metadata": {},
     "output_type": "execute_result"
    }
   ],
   "source": [
    "df.head()"
   ]
  },
  {
   "cell_type": "code",
   "execution_count": 5,
   "id": "1415749f-0c95-4f9f-bff2-16509d0cd88e",
   "metadata": {},
   "outputs": [
    {
     "data": {
      "text/html": [
       "<div>\n",
       "<style scoped>\n",
       "    .dataframe tbody tr th:only-of-type {\n",
       "        vertical-align: middle;\n",
       "    }\n",
       "\n",
       "    .dataframe tbody tr th {\n",
       "        vertical-align: top;\n",
       "    }\n",
       "\n",
       "    .dataframe thead th {\n",
       "        text-align: right;\n",
       "    }\n",
       "</style>\n",
       "<table border=\"1\" class=\"dataframe\">\n",
       "  <thead>\n",
       "    <tr style=\"text-align: right;\">\n",
       "      <th></th>\n",
       "      <th>fLength</th>\n",
       "      <th>fWidth</th>\n",
       "      <th>fSize</th>\n",
       "      <th>fConc</th>\n",
       "      <th>fConc1</th>\n",
       "      <th>fAsym</th>\n",
       "      <th>fM3Long</th>\n",
       "      <th>fM3Trans</th>\n",
       "      <th>fAlpha</th>\n",
       "      <th>fDist</th>\n",
       "    </tr>\n",
       "  </thead>\n",
       "  <tbody>\n",
       "    <tr>\n",
       "      <th>0</th>\n",
       "      <td>28.7967</td>\n",
       "      <td>16.0021</td>\n",
       "      <td>2.6449</td>\n",
       "      <td>0.3918</td>\n",
       "      <td>0.1982</td>\n",
       "      <td>27.7004</td>\n",
       "      <td>22.0110</td>\n",
       "      <td>-8.2027</td>\n",
       "      <td>40.0920</td>\n",
       "      <td>81.8828</td>\n",
       "    </tr>\n",
       "    <tr>\n",
       "      <th>1</th>\n",
       "      <td>31.6036</td>\n",
       "      <td>11.7235</td>\n",
       "      <td>2.5185</td>\n",
       "      <td>0.5303</td>\n",
       "      <td>0.3773</td>\n",
       "      <td>26.2722</td>\n",
       "      <td>23.8238</td>\n",
       "      <td>-9.9574</td>\n",
       "      <td>6.3609</td>\n",
       "      <td>205.2610</td>\n",
       "    </tr>\n",
       "    <tr>\n",
       "      <th>2</th>\n",
       "      <td>162.0520</td>\n",
       "      <td>136.0310</td>\n",
       "      <td>4.0612</td>\n",
       "      <td>0.0374</td>\n",
       "      <td>0.0187</td>\n",
       "      <td>116.7410</td>\n",
       "      <td>-64.8580</td>\n",
       "      <td>-45.2160</td>\n",
       "      <td>76.9600</td>\n",
       "      <td>256.7880</td>\n",
       "    </tr>\n",
       "    <tr>\n",
       "      <th>3</th>\n",
       "      <td>23.8172</td>\n",
       "      <td>9.5728</td>\n",
       "      <td>2.3385</td>\n",
       "      <td>0.6147</td>\n",
       "      <td>0.3922</td>\n",
       "      <td>27.2107</td>\n",
       "      <td>-6.4633</td>\n",
       "      <td>-7.1513</td>\n",
       "      <td>10.4490</td>\n",
       "      <td>116.7370</td>\n",
       "    </tr>\n",
       "    <tr>\n",
       "      <th>4</th>\n",
       "      <td>75.1362</td>\n",
       "      <td>30.9205</td>\n",
       "      <td>3.1611</td>\n",
       "      <td>0.3168</td>\n",
       "      <td>0.1832</td>\n",
       "      <td>-5.5277</td>\n",
       "      <td>28.5525</td>\n",
       "      <td>21.8393</td>\n",
       "      <td>4.6480</td>\n",
       "      <td>356.4620</td>\n",
       "    </tr>\n",
       "  </tbody>\n",
       "</table>\n",
       "</div>"
      ],
      "text/plain": [
       "    fLength    fWidth   fSize   fConc  fConc1     fAsym  fM3Long  fM3Trans  \\\n",
       "0   28.7967   16.0021  2.6449  0.3918  0.1982   27.7004  22.0110   -8.2027   \n",
       "1   31.6036   11.7235  2.5185  0.5303  0.3773   26.2722  23.8238   -9.9574   \n",
       "2  162.0520  136.0310  4.0612  0.0374  0.0187  116.7410 -64.8580  -45.2160   \n",
       "3   23.8172    9.5728  2.3385  0.6147  0.3922   27.2107  -6.4633   -7.1513   \n",
       "4   75.1362   30.9205  3.1611  0.3168  0.1832   -5.5277  28.5525   21.8393   \n",
       "\n",
       "    fAlpha     fDist  \n",
       "0  40.0920   81.8828  \n",
       "1   6.3609  205.2610  \n",
       "2  76.9600  256.7880  \n",
       "3  10.4490  116.7370  \n",
       "4   4.6480  356.4620  "
      ]
     },
     "execution_count": 5,
     "metadata": {},
     "output_type": "execute_result"
    }
   ],
   "source": [
    "df = df.iloc[:, :-1]\n",
    "df.head()"
   ]
  },
  {
   "cell_type": "code",
   "execution_count": 6,
   "id": "8b47674c-0705-4dd2-a4a2-626abf0d4dec",
   "metadata": {},
   "outputs": [
    {
     "name": "stdout",
     "output_type": "stream",
     "text": [
      "<class 'pandas.core.frame.DataFrame'>\n",
      "RangeIndex: 19020 entries, 0 to 19019\n",
      "Data columns (total 10 columns):\n",
      " #   Column    Non-Null Count  Dtype  \n",
      "---  ------    --------------  -----  \n",
      " 0   fLength   19020 non-null  float64\n",
      " 1   fWidth    19020 non-null  float64\n",
      " 2   fSize     19020 non-null  float64\n",
      " 3   fConc     19020 non-null  float64\n",
      " 4   fConc1    19020 non-null  float64\n",
      " 5   fAsym     19020 non-null  float64\n",
      " 6   fM3Long   19020 non-null  float64\n",
      " 7   fM3Trans  19020 non-null  float64\n",
      " 8   fAlpha    19020 non-null  float64\n",
      " 9   fDist     19020 non-null  float64\n",
      "dtypes: float64(10)\n",
      "memory usage: 1.5 MB\n"
     ]
    }
   ],
   "source": [
    "df.info()"
   ]
  },
  {
   "cell_type": "markdown",
   "id": "3335be3f-c1d7-4d76-9e37-2294eb99780e",
   "metadata": {
    "tags": []
   },
   "source": [
    "# Task 1"
   ]
  },
  {
   "cell_type": "code",
   "execution_count": 7,
   "id": "7b62534b-7b5a-4c81-9af0-8dd00a28a51f",
   "metadata": {},
   "outputs": [],
   "source": [
    "multi_mean = df.mean(axis=0)"
   ]
  },
  {
   "cell_type": "code",
   "execution_count": 8,
   "id": "a8da9c69-8e7a-4c1b-88ee-2c12bd9e7166",
   "metadata": {},
   "outputs": [
    {
     "data": {
      "text/plain": [
       "fLength      53.250154\n",
       "fWidth       22.180966\n",
       "fSize         2.825017\n",
       "fConc         0.380327\n",
       "fConc1        0.214657\n",
       "fAsym        -4.331745\n",
       "fM3Long      10.545545\n",
       "fM3Trans      0.249726\n",
       "fAlpha       27.645707\n",
       "fDist       193.818026\n",
       "dtype: float64"
      ]
     },
     "execution_count": 8,
     "metadata": {},
     "output_type": "execute_result"
    }
   ],
   "source": [
    "multi_mean"
   ]
  },
  {
   "cell_type": "markdown",
   "id": "ae015094-cff8-42cb-9438-cdf18dd3cbb4",
   "metadata": {
    "tags": []
   },
   "source": [
    "# Task 2"
   ]
  },
  {
   "cell_type": "code",
   "execution_count": 9,
   "id": "a90cd05f-9fba-4332-9ad0-0991f0d97fb0",
   "metadata": {},
   "outputs": [],
   "source": [
    "n, d = df.shape"
   ]
  },
  {
   "cell_type": "code",
   "execution_count": 10,
   "id": "963fbd53-095c-429e-8d66-589bdacbec91",
   "metadata": {},
   "outputs": [
    {
     "name": "stdout",
     "output_type": "stream",
     "text": [
      "19020 10\n"
     ]
    }
   ],
   "source": [
    "print(n, d)"
   ]
  },
  {
   "cell_type": "code",
   "execution_count": 11,
   "id": "d15a9c5b-b1bd-40d2-8770-6f286d6911d6",
   "metadata": {},
   "outputs": [
    {
     "data": {
      "text/html": [
       "<div>\n",
       "<style scoped>\n",
       "    .dataframe tbody tr th:only-of-type {\n",
       "        vertical-align: middle;\n",
       "    }\n",
       "\n",
       "    .dataframe tbody tr th {\n",
       "        vertical-align: top;\n",
       "    }\n",
       "\n",
       "    .dataframe thead th {\n",
       "        text-align: right;\n",
       "    }\n",
       "</style>\n",
       "<table border=\"1\" class=\"dataframe\">\n",
       "  <thead>\n",
       "    <tr style=\"text-align: right;\">\n",
       "      <th></th>\n",
       "      <th>fLength</th>\n",
       "      <th>fWidth</th>\n",
       "      <th>fSize</th>\n",
       "      <th>fConc</th>\n",
       "      <th>fConc1</th>\n",
       "      <th>fAsym</th>\n",
       "      <th>fM3Long</th>\n",
       "      <th>fM3Trans</th>\n",
       "      <th>fAlpha</th>\n",
       "      <th>fDist</th>\n",
       "    </tr>\n",
       "  </thead>\n",
       "  <tbody>\n",
       "    <tr>\n",
       "      <th>0</th>\n",
       "      <td>-24.453454</td>\n",
       "      <td>-6.178866</td>\n",
       "      <td>-0.180117</td>\n",
       "      <td>0.011473</td>\n",
       "      <td>-0.016457</td>\n",
       "      <td>32.032145</td>\n",
       "      <td>11.465455</td>\n",
       "      <td>-8.452426</td>\n",
       "      <td>12.446293</td>\n",
       "      <td>-111.935226</td>\n",
       "    </tr>\n",
       "    <tr>\n",
       "      <th>1</th>\n",
       "      <td>-21.646554</td>\n",
       "      <td>-10.457466</td>\n",
       "      <td>-0.306517</td>\n",
       "      <td>0.149973</td>\n",
       "      <td>0.162643</td>\n",
       "      <td>30.603945</td>\n",
       "      <td>13.278255</td>\n",
       "      <td>-10.207126</td>\n",
       "      <td>-21.284807</td>\n",
       "      <td>11.442974</td>\n",
       "    </tr>\n",
       "    <tr>\n",
       "      <th>2</th>\n",
       "      <td>108.801846</td>\n",
       "      <td>113.850034</td>\n",
       "      <td>1.236183</td>\n",
       "      <td>-0.342927</td>\n",
       "      <td>-0.195957</td>\n",
       "      <td>121.072745</td>\n",
       "      <td>-75.403545</td>\n",
       "      <td>-45.465726</td>\n",
       "      <td>49.314293</td>\n",
       "      <td>62.969974</td>\n",
       "    </tr>\n",
       "    <tr>\n",
       "      <th>3</th>\n",
       "      <td>-29.432954</td>\n",
       "      <td>-12.608166</td>\n",
       "      <td>-0.486517</td>\n",
       "      <td>0.234373</td>\n",
       "      <td>0.177543</td>\n",
       "      <td>31.542445</td>\n",
       "      <td>-17.008845</td>\n",
       "      <td>-7.401026</td>\n",
       "      <td>-17.196707</td>\n",
       "      <td>-77.081026</td>\n",
       "    </tr>\n",
       "    <tr>\n",
       "      <th>4</th>\n",
       "      <td>21.886046</td>\n",
       "      <td>8.739534</td>\n",
       "      <td>0.336083</td>\n",
       "      <td>-0.063527</td>\n",
       "      <td>-0.031457</td>\n",
       "      <td>-1.195955</td>\n",
       "      <td>18.006955</td>\n",
       "      <td>21.589574</td>\n",
       "      <td>-22.997707</td>\n",
       "      <td>162.643974</td>\n",
       "    </tr>\n",
       "  </tbody>\n",
       "</table>\n",
       "</div>"
      ],
      "text/plain": [
       "      fLength      fWidth     fSize     fConc    fConc1       fAsym  \\\n",
       "0  -24.453454   -6.178866 -0.180117  0.011473 -0.016457   32.032145   \n",
       "1  -21.646554  -10.457466 -0.306517  0.149973  0.162643   30.603945   \n",
       "2  108.801846  113.850034  1.236183 -0.342927 -0.195957  121.072745   \n",
       "3  -29.432954  -12.608166 -0.486517  0.234373  0.177543   31.542445   \n",
       "4   21.886046    8.739534  0.336083 -0.063527 -0.031457   -1.195955   \n",
       "\n",
       "     fM3Long   fM3Trans     fAlpha       fDist  \n",
       "0  11.465455  -8.452426  12.446293 -111.935226  \n",
       "1  13.278255 -10.207126 -21.284807   11.442974  \n",
       "2 -75.403545 -45.465726  49.314293   62.969974  \n",
       "3 -17.008845  -7.401026 -17.196707  -77.081026  \n",
       "4  18.006955  21.589574 -22.997707  162.643974  "
      ]
     },
     "execution_count": 11,
     "metadata": {},
     "output_type": "execute_result"
    }
   ],
   "source": [
    "centered_df = df - multi_mean\n",
    "centered_df.head()"
   ]
  },
  {
   "cell_type": "code",
   "execution_count": 12,
   "id": "ed24dbd7-98b8-4a71-94c6-2edc77e0e671",
   "metadata": {},
   "outputs": [
    {
     "data": {
      "text/html": [
       "<div>\n",
       "<style scoped>\n",
       "    .dataframe tbody tr th:only-of-type {\n",
       "        vertical-align: middle;\n",
       "    }\n",
       "\n",
       "    .dataframe tbody tr th {\n",
       "        vertical-align: top;\n",
       "    }\n",
       "\n",
       "    .dataframe thead th {\n",
       "        text-align: right;\n",
       "    }\n",
       "</style>\n",
       "<table border=\"1\" class=\"dataframe\">\n",
       "  <thead>\n",
       "    <tr style=\"text-align: right;\">\n",
       "      <th></th>\n",
       "      <th>fLength</th>\n",
       "      <th>fWidth</th>\n",
       "      <th>fSize</th>\n",
       "      <th>fConc</th>\n",
       "      <th>fConc1</th>\n",
       "      <th>fAsym</th>\n",
       "      <th>fM3Long</th>\n",
       "      <th>fM3Trans</th>\n",
       "      <th>fAlpha</th>\n",
       "      <th>fDist</th>\n",
       "    </tr>\n",
       "  </thead>\n",
       "  <tbody>\n",
       "    <tr>\n",
       "      <th>fLength</th>\n",
       "      <td>1794.686571</td>\n",
       "      <td>598.832056</td>\n",
       "      <td>14.063490</td>\n",
       "      <td>-4.886738</td>\n",
       "      <td>-2.800233</td>\n",
       "      <td>-924.385500</td>\n",
       "      <td>-258.713552</td>\n",
       "      <td>11.813387</td>\n",
       "      <td>-9.706307</td>\n",
       "      <td>1324.794475</td>\n",
       "    </tr>\n",
       "    <tr>\n",
       "      <th>fWidth</th>\n",
       "      <td>598.832056</td>\n",
       "      <td>336.560086</td>\n",
       "      <td>6.220775</td>\n",
       "      <td>-2.045029</td>\n",
       "      <td>-1.178164</td>\n",
       "      <td>-289.957100</td>\n",
       "      <td>-164.885064</td>\n",
       "      <td>15.185288</td>\n",
       "      <td>31.635030</td>\n",
       "      <td>461.761921</td>\n",
       "    </tr>\n",
       "    <tr>\n",
       "      <th>fSize</th>\n",
       "      <td>14.063490</td>\n",
       "      <td>6.220775</td>\n",
       "      <td>0.223338</td>\n",
       "      <td>-0.073507</td>\n",
       "      <td>-0.042241</td>\n",
       "      <td>-4.472843</td>\n",
       "      <td>2.293414</td>\n",
       "      <td>0.152113</td>\n",
       "      <td>-2.302804</td>\n",
       "      <td>15.434656</td>\n",
       "    </tr>\n",
       "    <tr>\n",
       "      <th>fConc</th>\n",
       "      <td>-4.886738</td>\n",
       "      <td>-2.045029</td>\n",
       "      <td>-0.073507</td>\n",
       "      <td>0.033419</td>\n",
       "      <td>0.019725</td>\n",
       "      <td>1.215131</td>\n",
       "      <td>-1.136468</td>\n",
       "      <td>-0.043000</td>\n",
       "      <td>1.122678</td>\n",
       "      <td>-4.485425</td>\n",
       "    </tr>\n",
       "    <tr>\n",
       "      <th>fConc1</th>\n",
       "      <td>-2.800233</td>\n",
       "      <td>-1.178164</td>\n",
       "      <td>-0.042241</td>\n",
       "      <td>0.019725</td>\n",
       "      <td>0.012212</td>\n",
       "      <td>0.655298</td>\n",
       "      <td>-0.669354</td>\n",
       "      <td>-0.025238</td>\n",
       "      <td>0.662872</td>\n",
       "      <td>-2.515662</td>\n",
       "    </tr>\n",
       "    <tr>\n",
       "      <th>fAsym</th>\n",
       "      <td>-924.385500</td>\n",
       "      <td>-289.957100</td>\n",
       "      <td>-4.472843</td>\n",
       "      <td>1.215131</td>\n",
       "      <td>0.655298</td>\n",
       "      <td>3505.173477</td>\n",
       "      <td>827.439241</td>\n",
       "      <td>3.147765</td>\n",
       "      <td>-86.061825</td>\n",
       "      <td>-914.642631</td>\n",
       "    </tr>\n",
       "    <tr>\n",
       "      <th>fM3Long</th>\n",
       "      <td>-258.713552</td>\n",
       "      <td>-164.885064</td>\n",
       "      <td>2.293414</td>\n",
       "      <td>-1.136468</td>\n",
       "      <td>-0.669354</td>\n",
       "      <td>827.439241</td>\n",
       "      <td>2600.875286</td>\n",
       "      <td>-18.265400</td>\n",
       "      <td>-247.972042</td>\n",
       "      <td>141.107736</td>\n",
       "    </tr>\n",
       "    <tr>\n",
       "      <th>fM3Trans</th>\n",
       "      <td>11.813387</td>\n",
       "      <td>15.185288</td>\n",
       "      <td>0.152113</td>\n",
       "      <td>-0.043000</td>\n",
       "      <td>-0.025238</td>\n",
       "      <td>3.147765</td>\n",
       "      <td>-18.265400</td>\n",
       "      <td>433.759406</td>\n",
       "      <td>2.532901</td>\n",
       "      <td>17.784263</td>\n",
       "    </tr>\n",
       "    <tr>\n",
       "      <th>fAlpha</th>\n",
       "      <td>-9.706307</td>\n",
       "      <td>31.635030</td>\n",
       "      <td>-2.302804</td>\n",
       "      <td>1.122678</td>\n",
       "      <td>0.662872</td>\n",
       "      <td>-86.061825</td>\n",
       "      <td>-247.972042</td>\n",
       "      <td>2.532901</td>\n",
       "      <td>681.363178</td>\n",
       "      <td>-430.230626</td>\n",
       "    </tr>\n",
       "    <tr>\n",
       "      <th>fDist</th>\n",
       "      <td>1324.794475</td>\n",
       "      <td>461.761921</td>\n",
       "      <td>15.434656</td>\n",
       "      <td>-4.485425</td>\n",
       "      <td>-2.515662</td>\n",
       "      <td>-914.642631</td>\n",
       "      <td>141.107736</td>\n",
       "      <td>17.784263</td>\n",
       "      <td>-430.230626</td>\n",
       "      <td>5584.546353</td>\n",
       "    </tr>\n",
       "  </tbody>\n",
       "</table>\n",
       "</div>"
      ],
      "text/plain": [
       "              fLength      fWidth      fSize     fConc    fConc1        fAsym  \\\n",
       "fLength   1794.686571  598.832056  14.063490 -4.886738 -2.800233  -924.385500   \n",
       "fWidth     598.832056  336.560086   6.220775 -2.045029 -1.178164  -289.957100   \n",
       "fSize       14.063490    6.220775   0.223338 -0.073507 -0.042241    -4.472843   \n",
       "fConc       -4.886738   -2.045029  -0.073507  0.033419  0.019725     1.215131   \n",
       "fConc1      -2.800233   -1.178164  -0.042241  0.019725  0.012212     0.655298   \n",
       "fAsym     -924.385500 -289.957100  -4.472843  1.215131  0.655298  3505.173477   \n",
       "fM3Long   -258.713552 -164.885064   2.293414 -1.136468 -0.669354   827.439241   \n",
       "fM3Trans    11.813387   15.185288   0.152113 -0.043000 -0.025238     3.147765   \n",
       "fAlpha      -9.706307   31.635030  -2.302804  1.122678  0.662872   -86.061825   \n",
       "fDist     1324.794475  461.761921  15.434656 -4.485425 -2.515662  -914.642631   \n",
       "\n",
       "              fM3Long    fM3Trans      fAlpha        fDist  \n",
       "fLength   -258.713552   11.813387   -9.706307  1324.794475  \n",
       "fWidth    -164.885064   15.185288   31.635030   461.761921  \n",
       "fSize        2.293414    0.152113   -2.302804    15.434656  \n",
       "fConc       -1.136468   -0.043000    1.122678    -4.485425  \n",
       "fConc1      -0.669354   -0.025238    0.662872    -2.515662  \n",
       "fAsym      827.439241    3.147765  -86.061825  -914.642631  \n",
       "fM3Long   2600.875286  -18.265400 -247.972042   141.107736  \n",
       "fM3Trans   -18.265400  433.759406    2.532901    17.784263  \n",
       "fAlpha    -247.972042    2.532901  681.363178  -430.230626  \n",
       "fDist      141.107736   17.784263 -430.230626  5584.546353  "
      ]
     },
     "execution_count": 12,
     "metadata": {},
     "output_type": "execute_result"
    }
   ],
   "source": [
    "# Sample covariance matrix\n",
    "s = centered_df.apply(lambda x: x @ centered_df) / n\n",
    "s"
   ]
  },
  {
   "cell_type": "code",
   "execution_count": 13,
   "id": "9dc30d27-1c11-4f1b-9624-0117909351b5",
   "metadata": {},
   "outputs": [
    {
     "data": {
      "text/html": [
       "<div>\n",
       "<style scoped>\n",
       "    .dataframe tbody tr th:only-of-type {\n",
       "        vertical-align: middle;\n",
       "    }\n",
       "\n",
       "    .dataframe tbody tr th {\n",
       "        vertical-align: top;\n",
       "    }\n",
       "\n",
       "    .dataframe thead th {\n",
       "        text-align: right;\n",
       "    }\n",
       "</style>\n",
       "<table border=\"1\" class=\"dataframe\">\n",
       "  <thead>\n",
       "    <tr style=\"text-align: right;\">\n",
       "      <th></th>\n",
       "      <th>fLength</th>\n",
       "      <th>fWidth</th>\n",
       "      <th>fSize</th>\n",
       "      <th>fConc</th>\n",
       "      <th>fConc1</th>\n",
       "      <th>fAsym</th>\n",
       "      <th>fM3Long</th>\n",
       "      <th>fM3Trans</th>\n",
       "      <th>fAlpha</th>\n",
       "      <th>fDist</th>\n",
       "    </tr>\n",
       "  </thead>\n",
       "  <tbody>\n",
       "    <tr>\n",
       "      <th>fLength</th>\n",
       "      <td>1794.686571</td>\n",
       "      <td>598.832056</td>\n",
       "      <td>14.063490</td>\n",
       "      <td>-4.886738</td>\n",
       "      <td>-2.800233</td>\n",
       "      <td>-924.385500</td>\n",
       "      <td>-258.713552</td>\n",
       "      <td>11.813387</td>\n",
       "      <td>-9.706307</td>\n",
       "      <td>1324.794475</td>\n",
       "    </tr>\n",
       "    <tr>\n",
       "      <th>fWidth</th>\n",
       "      <td>598.832056</td>\n",
       "      <td>336.560086</td>\n",
       "      <td>6.220775</td>\n",
       "      <td>-2.045029</td>\n",
       "      <td>-1.178164</td>\n",
       "      <td>-289.957100</td>\n",
       "      <td>-164.885064</td>\n",
       "      <td>15.185288</td>\n",
       "      <td>31.635030</td>\n",
       "      <td>461.761921</td>\n",
       "    </tr>\n",
       "    <tr>\n",
       "      <th>fSize</th>\n",
       "      <td>14.063490</td>\n",
       "      <td>6.220775</td>\n",
       "      <td>0.223338</td>\n",
       "      <td>-0.073507</td>\n",
       "      <td>-0.042241</td>\n",
       "      <td>-4.472843</td>\n",
       "      <td>2.293414</td>\n",
       "      <td>0.152113</td>\n",
       "      <td>-2.302804</td>\n",
       "      <td>15.434656</td>\n",
       "    </tr>\n",
       "    <tr>\n",
       "      <th>fConc</th>\n",
       "      <td>-4.886738</td>\n",
       "      <td>-2.045029</td>\n",
       "      <td>-0.073507</td>\n",
       "      <td>0.033419</td>\n",
       "      <td>0.019725</td>\n",
       "      <td>1.215131</td>\n",
       "      <td>-1.136468</td>\n",
       "      <td>-0.043000</td>\n",
       "      <td>1.122678</td>\n",
       "      <td>-4.485425</td>\n",
       "    </tr>\n",
       "    <tr>\n",
       "      <th>fConc1</th>\n",
       "      <td>-2.800233</td>\n",
       "      <td>-1.178164</td>\n",
       "      <td>-0.042241</td>\n",
       "      <td>0.019725</td>\n",
       "      <td>0.012212</td>\n",
       "      <td>0.655298</td>\n",
       "      <td>-0.669354</td>\n",
       "      <td>-0.025238</td>\n",
       "      <td>0.662872</td>\n",
       "      <td>-2.515662</td>\n",
       "    </tr>\n",
       "    <tr>\n",
       "      <th>fAsym</th>\n",
       "      <td>-924.385500</td>\n",
       "      <td>-289.957100</td>\n",
       "      <td>-4.472843</td>\n",
       "      <td>1.215131</td>\n",
       "      <td>0.655298</td>\n",
       "      <td>3505.173477</td>\n",
       "      <td>827.439241</td>\n",
       "      <td>3.147765</td>\n",
       "      <td>-86.061825</td>\n",
       "      <td>-914.642631</td>\n",
       "    </tr>\n",
       "    <tr>\n",
       "      <th>fM3Long</th>\n",
       "      <td>-258.713552</td>\n",
       "      <td>-164.885064</td>\n",
       "      <td>2.293414</td>\n",
       "      <td>-1.136468</td>\n",
       "      <td>-0.669354</td>\n",
       "      <td>827.439241</td>\n",
       "      <td>2600.875286</td>\n",
       "      <td>-18.265400</td>\n",
       "      <td>-247.972042</td>\n",
       "      <td>141.107736</td>\n",
       "    </tr>\n",
       "    <tr>\n",
       "      <th>fM3Trans</th>\n",
       "      <td>11.813387</td>\n",
       "      <td>15.185288</td>\n",
       "      <td>0.152113</td>\n",
       "      <td>-0.043000</td>\n",
       "      <td>-0.025238</td>\n",
       "      <td>3.147765</td>\n",
       "      <td>-18.265400</td>\n",
       "      <td>433.759406</td>\n",
       "      <td>2.532901</td>\n",
       "      <td>17.784263</td>\n",
       "    </tr>\n",
       "    <tr>\n",
       "      <th>fAlpha</th>\n",
       "      <td>-9.706307</td>\n",
       "      <td>31.635030</td>\n",
       "      <td>-2.302804</td>\n",
       "      <td>1.122678</td>\n",
       "      <td>0.662872</td>\n",
       "      <td>-86.061825</td>\n",
       "      <td>-247.972042</td>\n",
       "      <td>2.532901</td>\n",
       "      <td>681.363178</td>\n",
       "      <td>-430.230626</td>\n",
       "    </tr>\n",
       "    <tr>\n",
       "      <th>fDist</th>\n",
       "      <td>1324.794475</td>\n",
       "      <td>461.761921</td>\n",
       "      <td>15.434656</td>\n",
       "      <td>-4.485425</td>\n",
       "      <td>-2.515662</td>\n",
       "      <td>-914.642631</td>\n",
       "      <td>141.107736</td>\n",
       "      <td>17.784263</td>\n",
       "      <td>-430.230626</td>\n",
       "      <td>5584.546353</td>\n",
       "    </tr>\n",
       "  </tbody>\n",
       "</table>\n",
       "</div>"
      ],
      "text/plain": [
       "              fLength      fWidth      fSize     fConc    fConc1        fAsym  \\\n",
       "fLength   1794.686571  598.832056  14.063490 -4.886738 -2.800233  -924.385500   \n",
       "fWidth     598.832056  336.560086   6.220775 -2.045029 -1.178164  -289.957100   \n",
       "fSize       14.063490    6.220775   0.223338 -0.073507 -0.042241    -4.472843   \n",
       "fConc       -4.886738   -2.045029  -0.073507  0.033419  0.019725     1.215131   \n",
       "fConc1      -2.800233   -1.178164  -0.042241  0.019725  0.012212     0.655298   \n",
       "fAsym     -924.385500 -289.957100  -4.472843  1.215131  0.655298  3505.173477   \n",
       "fM3Long   -258.713552 -164.885064   2.293414 -1.136468 -0.669354   827.439241   \n",
       "fM3Trans    11.813387   15.185288   0.152113 -0.043000 -0.025238     3.147765   \n",
       "fAlpha      -9.706307   31.635030  -2.302804  1.122678  0.662872   -86.061825   \n",
       "fDist     1324.794475  461.761921  15.434656 -4.485425 -2.515662  -914.642631   \n",
       "\n",
       "              fM3Long    fM3Trans      fAlpha        fDist  \n",
       "fLength   -258.713552   11.813387   -9.706307  1324.794475  \n",
       "fWidth    -164.885064   15.185288   31.635030   461.761921  \n",
       "fSize        2.293414    0.152113   -2.302804    15.434656  \n",
       "fConc       -1.136468   -0.043000    1.122678    -4.485425  \n",
       "fConc1      -0.669354   -0.025238    0.662872    -2.515662  \n",
       "fAsym      827.439241    3.147765  -86.061825  -914.642631  \n",
       "fM3Long   2600.875286  -18.265400 -247.972042   141.107736  \n",
       "fM3Trans   -18.265400  433.759406    2.532901    17.784263  \n",
       "fAlpha    -247.972042    2.532901  681.363178  -430.230626  \n",
       "fDist      141.107736   17.784263 -430.230626  5584.546353  "
      ]
     },
     "execution_count": 13,
     "metadata": {},
     "output_type": "execute_result"
    }
   ],
   "source": [
    "centered_df.T @ centered_df / n"
   ]
  },
  {
   "cell_type": "code",
   "execution_count": 14,
   "id": "5297ccc3-9205-4e41-9388-1d236e3e1f14",
   "metadata": {},
   "outputs": [
    {
     "data": {
      "text/html": [
       "<div>\n",
       "<style scoped>\n",
       "    .dataframe tbody tr th:only-of-type {\n",
       "        vertical-align: middle;\n",
       "    }\n",
       "\n",
       "    .dataframe tbody tr th {\n",
       "        vertical-align: top;\n",
       "    }\n",
       "\n",
       "    .dataframe thead th {\n",
       "        text-align: right;\n",
       "    }\n",
       "</style>\n",
       "<table border=\"1\" class=\"dataframe\">\n",
       "  <thead>\n",
       "    <tr style=\"text-align: right;\">\n",
       "      <th></th>\n",
       "      <th>fLength</th>\n",
       "      <th>fWidth</th>\n",
       "      <th>fSize</th>\n",
       "      <th>fConc</th>\n",
       "      <th>fConc1</th>\n",
       "      <th>fAsym</th>\n",
       "      <th>fM3Long</th>\n",
       "      <th>fM3Trans</th>\n",
       "      <th>fAlpha</th>\n",
       "      <th>fDist</th>\n",
       "    </tr>\n",
       "  </thead>\n",
       "  <tbody>\n",
       "    <tr>\n",
       "      <th>fLength</th>\n",
       "      <td>1794.780934</td>\n",
       "      <td>598.863542</td>\n",
       "      <td>14.064229</td>\n",
       "      <td>-4.886995</td>\n",
       "      <td>-2.800380</td>\n",
       "      <td>-924.434103</td>\n",
       "      <td>-258.727155</td>\n",
       "      <td>11.814008</td>\n",
       "      <td>-9.706818</td>\n",
       "      <td>1324.864131</td>\n",
       "    </tr>\n",
       "    <tr>\n",
       "      <th>fWidth</th>\n",
       "      <td>598.863542</td>\n",
       "      <td>336.577782</td>\n",
       "      <td>6.221102</td>\n",
       "      <td>-2.045137</td>\n",
       "      <td>-1.178226</td>\n",
       "      <td>-289.972346</td>\n",
       "      <td>-164.893734</td>\n",
       "      <td>15.186087</td>\n",
       "      <td>31.636694</td>\n",
       "      <td>461.786200</td>\n",
       "    </tr>\n",
       "    <tr>\n",
       "      <th>fSize</th>\n",
       "      <td>14.064229</td>\n",
       "      <td>6.221102</td>\n",
       "      <td>0.223349</td>\n",
       "      <td>-0.073511</td>\n",
       "      <td>-0.042243</td>\n",
       "      <td>-4.473078</td>\n",
       "      <td>2.293535</td>\n",
       "      <td>0.152121</td>\n",
       "      <td>-2.302925</td>\n",
       "      <td>15.435467</td>\n",
       "    </tr>\n",
       "    <tr>\n",
       "      <th>fConc</th>\n",
       "      <td>-4.886995</td>\n",
       "      <td>-2.045137</td>\n",
       "      <td>-0.073511</td>\n",
       "      <td>0.033421</td>\n",
       "      <td>0.019726</td>\n",
       "      <td>1.215195</td>\n",
       "      <td>-1.136528</td>\n",
       "      <td>-0.043003</td>\n",
       "      <td>1.122738</td>\n",
       "      <td>-4.485661</td>\n",
       "    </tr>\n",
       "    <tr>\n",
       "      <th>fConc1</th>\n",
       "      <td>-2.800380</td>\n",
       "      <td>-1.178226</td>\n",
       "      <td>-0.042243</td>\n",
       "      <td>0.019726</td>\n",
       "      <td>0.012213</td>\n",
       "      <td>0.655333</td>\n",
       "      <td>-0.669389</td>\n",
       "      <td>-0.025239</td>\n",
       "      <td>0.662907</td>\n",
       "      <td>-2.515795</td>\n",
       "    </tr>\n",
       "    <tr>\n",
       "      <th>fAsym</th>\n",
       "      <td>-924.434103</td>\n",
       "      <td>-289.972346</td>\n",
       "      <td>-4.473078</td>\n",
       "      <td>1.215195</td>\n",
       "      <td>0.655333</td>\n",
       "      <td>3505.357776</td>\n",
       "      <td>827.482747</td>\n",
       "      <td>3.147931</td>\n",
       "      <td>-86.066350</td>\n",
       "      <td>-914.690722</td>\n",
       "    </tr>\n",
       "    <tr>\n",
       "      <th>fM3Long</th>\n",
       "      <td>-258.727155</td>\n",
       "      <td>-164.893734</td>\n",
       "      <td>2.293535</td>\n",
       "      <td>-1.136528</td>\n",
       "      <td>-0.669389</td>\n",
       "      <td>827.482747</td>\n",
       "      <td>2601.012037</td>\n",
       "      <td>-18.266361</td>\n",
       "      <td>-247.985080</td>\n",
       "      <td>141.115155</td>\n",
       "    </tr>\n",
       "    <tr>\n",
       "      <th>fM3Trans</th>\n",
       "      <td>11.814008</td>\n",
       "      <td>15.186087</td>\n",
       "      <td>0.152121</td>\n",
       "      <td>-0.043003</td>\n",
       "      <td>-0.025239</td>\n",
       "      <td>3.147931</td>\n",
       "      <td>-18.266361</td>\n",
       "      <td>433.782213</td>\n",
       "      <td>2.533034</td>\n",
       "      <td>17.785198</td>\n",
       "    </tr>\n",
       "    <tr>\n",
       "      <th>fAlpha</th>\n",
       "      <td>-9.706818</td>\n",
       "      <td>31.636694</td>\n",
       "      <td>-2.302925</td>\n",
       "      <td>1.122738</td>\n",
       "      <td>0.662907</td>\n",
       "      <td>-86.066350</td>\n",
       "      <td>-247.985080</td>\n",
       "      <td>2.533034</td>\n",
       "      <td>681.399004</td>\n",
       "      <td>-430.253247</td>\n",
       "    </tr>\n",
       "    <tr>\n",
       "      <th>fDist</th>\n",
       "      <td>1324.864131</td>\n",
       "      <td>461.786200</td>\n",
       "      <td>15.435467</td>\n",
       "      <td>-4.485661</td>\n",
       "      <td>-2.515795</td>\n",
       "      <td>-914.690722</td>\n",
       "      <td>141.115155</td>\n",
       "      <td>17.785198</td>\n",
       "      <td>-430.253247</td>\n",
       "      <td>5584.839983</td>\n",
       "    </tr>\n",
       "  </tbody>\n",
       "</table>\n",
       "</div>"
      ],
      "text/plain": [
       "              fLength      fWidth      fSize     fConc    fConc1        fAsym  \\\n",
       "fLength   1794.780934  598.863542  14.064229 -4.886995 -2.800380  -924.434103   \n",
